var ctrl_paw2 = new Shape();
ctrl_paw2.vertices = [[3.35238647460938, -9.1380615234375], [1.10931396484375, -4.17127990722656], [2.87173461914063, -2.80941772460938], [5.27500915527344, -8.41708374023438]];
ctrl_paw2.inTangents = [[0.76138305664063, -0.14190673828125], [-0.80702209472656, -2.12333679199219], [-0.87274169921875, -0.01303100585938], [1.33016967773438, 1.96441650390625]];
ctrl_paw2.outTangents = [[-1.541748046875, 0.28733825683594], [0.23678588867188, 0.62298583984375], [2.10043334960938, 0.03138732910156], [-0.37217712402344, -0.54963684082031]];
ctrl_paw2.closed = true;