var ctrl_body8 = new Shape();
ctrl_body8.vertices = [[0.39930725097656, -3.66789245605469], [1.64328002929688, -5.9781494140625]];
ctrl_body8.inTangents = [[-0.98226928710938, -0.79977416992188], [2.50184631347656, -0.53056335449219]];
ctrl_body8.outTangents = [[0.96112060546875, 0.78256225585938], [-0.35488891601563, 0.07525634765625]];
ctrl_body8.closed = true;