var ctrl_transform2 = new Shape();
ctrl_transform2.vertices = [[-2.38970947265625, -3.14927673339844], [-1.20906066894531, -2.92791748046875], [1.39820861816406, -2.92791748046875], [2.40667724609375, -3.24766540527344], [1.86555480957031, -3.91178894042969], [0.66030883789063, -5.11703491210938], [-0.02841186523438, -5.65815734863281], [-0.69252014160156, -5.11703491210938], [-1.89776611328125, -3.91178894042969]];
ctrl_transform2.inTangents = [[-0.09587097167969, -0.31428527832031], [-0.44923400878906, 0], [-0.67047119140625, 0], [-0.01055908203125, 0.36021423339844], [0.15898132324219, 0.15899658203125], [0.42843627929688, 0.42843627929688], [0.26467895507813, -0.00736999511719], [0.19721984863281, -0.19720458984375], [0.386962890625, -0.386962890625]];
ctrl_transform2.outTangents = [[0.09852600097656, 0.32293701171875], [0.66458129882813, 0], [0.50933837890625, 0], [0.00759887695313, -0.25914001464844], [-0.42161560058594, -0.42161560058594], [-0.16636657714844, -0.16635131835938], [-0.26423645019531, 0.00735473632813], [-0.44187927246094, 0.44187927246094], [-0.20114135742188, 0.20114135742188]];
ctrl_transform2.closed = true;