var fin_7 = new Shape();
fin_7.vertices = [[0.67633056640625, 3.56472778320313], [0.55113220214844, 10.0753326416016], [0.92674255371094, 6.3192138671875], [2.05357360839844, 3.81513977050781]];
fin_7.inTangents = [[-0.02775573730469, 0.01060485839844], [-0.50669860839844, -1.09722900390625], [-0.2698974609375, 0.78158569335938], [0.41519165039063, 0.82273864746094]];
fin_7.outTangents = [[-2.04286193847656, 0.77987670898438], [0.47088623046875, 1.01966857910156], [0.20367431640625, -0.58978271484375], [-0.34457397460938, -0.68281555175781]];
fin_7.closed = true;