var torso7 = new Shape();
torso7.vertices = [[11.3283081054688, -10.1144256591797], [5.32293701171875, -7.93064880371094], [2.72972106933594, -7.93064880371094], [2.59323120117188, -5.74688720703125], [5.45942687988281, -5.33741760253906], [12.8296508789062, -8.20362854003906], [13.6485748291016, -12.9806213378906]];
torso7.inTangents = [[0.75645446777344, -0.73550415039062], [3.06512451171875, 0.01441955566406], [0.616455078125, -0.38104248046875], [-0.77395629882812, -0.66395568847656], [-0.88386535644531, 0.00871276855469], [-1.82829284667969, 1.75877380371094], [3.146728515625, -0.84951782226562]];
torso7.outTangents = [[-1.188232421875, 1.15533447265625], [0.00485229492188, 0.00001525878906], [-0.38485717773438, 0.23786926269531], [0.44219970703125, 0.37934875488281], [2.64186096191406, -0.02609252929688], [0.94419860839844, -0.90827941894531], [-1.04747009277344, 0.28277587890625]];
torso7.closed = true;