var vertebrae2 = new Shape();
vertebrae2.vertices = [[-4.12217712402344, -14.8652191162109], [-4.590087890625, -13.3678741455078], [-6.08743286132812, -12.9935455322266], [-6.08743286132812, -10.5603790283203], [-4.40292358398438, -10.18603515625], [-4.21575927734375, -9.06303405761719], [-1.40824890136719, -8.22079467773438], [4.01959228515625, -8.96945190429688], [4.3939208984375, -10.18603515625], [5.70408630371094, -10.3732147216797], [5.79766845703125, -13.0871276855469], [4.20675659179688, -13.3678741455078], [4.01959228515625, -14.8652191162109], [3.08375549316406, -14.8652191162109], [-1.31466674804688, -14.3972930908203]];
vertebrae2.inTangents = [[0.58741760253906, -0.39688110351562], [0.27822875976562, -0.2578125], [0.22567749023438, -0.21249389648438], [-0.52841186523438, -0.551513671875], [-0.34397888183594, -0.29606628417969], [0.01255798339844, 0.01805114746094], [-1.00138854980469, -0.09368896484375], [-0.76637268066406, 0.84611511230469], [-0.19992065429688, 0.16238403320312], [-0.34098815917969, 0.196533203125], [0.60897827148438, 0.40440368652344], [0.25527954101562, 0.30020141601562], [0.49462890625, 0.41011047363281], [0.1983642578125, -0.03858947753906], [1.61676025390625, 0.1409912109375]];
vertebrae2.outTangents = [[-0.58741760253906, 0.39688110351562], [-0.3468017578125, 0.32133483886719], [-0.66618347167969, 0.62727355957031], [0.41015625, 0.42808532714844], [0.1376953125, 0.11849975585938], [0.35098266601562, 0.5050048828125], [1.54884338378906, 0.14492797851562], [0.21965026855469, -0.24252319335938], [0.35755920410156, -0.29043579101562], [0.7894287109375, -0.45497131347656], [-0.19877624511719, -0.13200378417969], [-0.24949645996094, -0.29342651367188], [-0.26193237304688, -0.21714782714844], [-1.17694091796875, 0.22900390625], [-0.88272094726562, -0.07698059082031]];
vertebrae2.closed = true;