var wing_9 = new Shape();
wing_9.vertices = [[-8.46707153320313, 0.45799255371094], [-8.56306457519531, 0.64999389648438], [-10.675048828125, 3.24195861816406], [-11.5390319824219, 6.40992736816406], [-8.85105895996094, 5.35394287109375]];
wing_9.inTangents = [[0.71449279785156, 0.0233154296875], [0.00411987304688, -0.00466918945313], [0.86811828613281, -1.12220764160156], [-1.10597229003906, -0.64250183105469], [-0.54283142089844, 0.69602966308594]];
wing_9.outTangents = [[0.01283264160156, 0.00041198730469], [-0.5654296875, 0.63995361328125], [-0.58720397949219, 0.75909423828125], [0.79127502441406, 0.45967102050781], [0.74478149414063, -0.95498657226563]];
wing_9.closed = true;