var wing_6 = new Shape();
wing_6.vertices = [[-9.3310546875, -4.7259521484375], [-9.52305603027344, -4.7259521484375], [-14.8029937744141, -3.57395935058594], [-19.2189483642578, -1.46199035644531], [-17.2989654541016, -0.30999755859375], [-10.5790405273438, -2.61398315429688], [-9.04306030273438, -4.82194519042969]];
wing_6.inTangents = [[-0.05842590332031, -0.015625], [0.04951477050781, -0.00677490234375], [2.11862182617188, -0.53364562988281], [-0.02508544921875, -1.11343383789063], [-0.82743835449219, -0.09736633300781], [-1.53443908691406, 1.2581787109375], [0.18707275390625, 0.48017883300781]];
wing_6.outTangents = [[-0.04808044433594, -0.01286315917969], [-1.73843383789063, 0.23805236816406], [-1.08317565917969, 0.2728271484375], [0.01512145996094, 0.67137145996094], [2.29019165039063, 0.26948547363281], [0.25294494628906, -0.2073974609375], [-0.02745056152344, -0.07046508789063]];
wing_6.closed = true;