var audio = new Shape();
audio.vertices = [[8.56439208984375, -15.9364318847656], [8.09761047363281, -15.9364318847656], [1.25154113769531, -8.93478393554688], [0.00680541992188, -8.15682983398438], [-4.97215270996094, -8.15682983398438], [-10.106689453125, -6.4453125], [-10.106689453125, -4.422607421875], [-10.106689453125, -0.37721252441406], [-9.48432922363281, 7.09121704101563], [-4.97215270996094, 7.5579833984375], [0.16239929199219, 7.5579833984375], [2.3406982421875, 9.5806884765625], [6.69728088378906, 13.9372711181641], [9.49794006347656, 15.4931945800781], [10.5870819091797, 14.5596466064453], [10.8982696533203, 14.404052734375], [10.8982696533203, 13.9372711181641], [10.8982696533203, 8.802734375], [10.8982696533203, -7.53445434570313], [10.5870819091797, -15.4696655273438], [8.87556457519531, -16.0920257568359]];
audio.inTangents = [[0.07673645019531, -0.01847839355469], [0.05795288085938, -0.05690002441406], [2.20536804199219, -2.07470703125], [0.52975463867188, -0.12765502929688], [1.58665466308594, 0], [0.40631103515625, -2.02545166015625], [0.01077270507813, -0.70524597167969], [0, -1.35426330566406], [-1.0958251953125, -0.98326110839844], [-1.76254272460938, 0], [-1.2232666015625, -0.33551025390625], [-0.78045654296875, -0.78044128417969], [-1.5743408203125, -1.5743408203125], [-1.29251098632813, 0.21037292480469], [-0.26286315917969, 0.48464965820313], [-0.03746032714844, 0.07907104492188], [-0.01779174804688, 0.12443542480469], [0, 1.69239807128906], [0, 4.6634521484375], [0.74624633789063, 0.98057556152344], [0.49691772460938, 0.03697204589844]];
audio.outTangents = [[-0.08360290527344, 0.02011108398438], [-2.03594970703125, 1.99845886230469], [-0.48048400878906, 0.4520263671875], [-1.25900268554688, 0.30339050292969], [-2.837890625, 0], [-0.11465454101563, 0.571533203125], [-0.01657104492188, 1.08485412597656], [0, 2.62039184570313], [0.89949035644531, 0.80706787109375], [1.73406982421875, 0], [0.7440185546875, 0.20407104492188], [1.61598205566406, 1.61598205566406], [0.70860290527344, 0.70860290527344], [0.60514831542969, -0.0985107421875], [0.0357666015625, -0.06594848632813], [0.05316162109375, -0.11224365234375], [0.22651672363281, -1.58367919921875], [0, -5.38996887207031], [0, -1.99951171875], [-0.27471923828125, -0.36097717285156], [-0.18299865722656, -0.01362609863281]];
audio.closed = true;