var ctrl_xpos2 = new Shape();
ctrl_xpos2.vertices = [[1.94902038574219, -7.89546203613281], [1.22203063964844, -4.01815795898438], [1.22203063964844, 4.54420471191406], [2.27212524414063, 7.85606384277344], [4.45310974121094, 6.07896423339844], [8.41117858886719, 2.12089538574219], [10.1882781982422, -0.140869140625], [8.41117858886719, -2.32183837890625], [4.45310974121094, -6.27992248535156]];
ctrl_xpos2.inTangents = [[1.03213500976563, -0.31486511230469], [0, -1.47532653808594], [0, -2.20188903808594], [-1.18295288085938, -0.03469848632813], [-0.52212524414063, 0.52212524414063], [-1.40699768066406, 1.40699768066406], [0.02421569824219, 0.86920166015625], [0.64767456054688, 0.64765930175781], [1.27079772949219, 1.27079772949219]];
ctrl_xpos2.outTangents = [[-1.06053161621094, 0.32353210449219], [0, 2.1824951171875], [0, 1.67269897460938], [0.85102844238281, 0.02496337890625], [1.38458251953125, -1.38458251953125], [0.54634094238281, -0.54634094238281], [-0.024169921875, -0.86776733398438], [-1.45112609863281, -1.45114135742188], [-0.66056823730469, -0.66056823730469]];
ctrl_xpos2.closed = true;