var ctrl_transform5 = new Shape();
ctrl_transform5.vertices = [[2.056640625, -9.75], [0.990234375, -8.68359375], [2.58984375, -6.703125], [6.626953125, -0.076171875], [0.076171875, 6.626953125], [-5.865234375, -3.123046875], [-4.875, -4.5703125], [-6.85546875, -6.703125], [-8.759765625, -4.265625], [-9.75, -0.837890625], [-9.75, 0.837890625], [-0.9140625, 9.75], [0.9140625, 9.75], [9.75, 0.9140625], [9.75, -0.9140625], [8.2265625, -5.33203125], [7.083984375, -6.703125], [7.998046875, -7.693359375], [8.07421875, -9.75]];
ctrl_transform5.inTangents = [[2.005859375, 0], [0.0015869140625, -0.69969177246094], [-0.49990844726563, -0.48155212402344], [-0.04017639160156, -3.57786560058594], [3.85107421875, -0.04324340820313], [-2.50245666503906, 4.65560913085938], [-0.01554870605469, 0.42816162109375], [0.33816528320313, 0.01190185546875], [0.25460815429688, -0.52194213867188], [0.08270263671875, -0.79292297363281], [0, -0.55859375], [-5.07618713378906, -0.83979797363281], [-0.609375, 0], [-0.84111022949219, 5.04954528808594], [0, 0.609375], [0.709716796875, 1.11143493652344], [0, 0], [-0.19541931152344, 0.19938659667969], [1.10447692871094, 0.51457214355469]];
ctrl_transform5.outTangents = [[-0.73707580566406, 0.23561096191406], [-0.00164794921875, 0.72453308105469], [1.75889587402344, 1.69425964355469], [0.04222106933594, 3.75981140136719], [-4.633544921875, 0.05203247070313], [0.24662780761719, -0.45884704589844], [0.01921081542969, -0.52926635742188], [-0.65528869628906, -0.02305603027344], [-0.56880187988281, 1.166015625], [0, 0.55859375], [0.79978942871094, 5.11613464355469], [0.609375, 0], [5.06004333496094, -0.83062744140625], [0, -0.609375], [-0.28445434570313, -1.82806396484375], [-0.24267578125, -0.38003540039063], [0, 0], [0.67193603515625, -0.685546875], [-2.005859375, 0]];
ctrl_transform5.closed = true;