var ctrl_body4 = new Shape();
ctrl_body4.vertices = [[-1.82209777832031, -15.0414886474609], [-1.91096496582031, -14.5971984863281], [-2.71066284179688, -13.4420776367188], [-1.91096496582031, -13.1755065917969], [-1.64439392089844, -12.5535125732422], [1.465576171875, -12.6423645019531], [1.73214721679688, -13.1755065917969], [2.3541259765625, -13.3532104492188], [2.3541259765625, -14.3306274414063], [1.55442810058594, -14.5083465576172], [1.465576171875, -15.1303405761719], [0.57701110839844, -14.9526214599609]];
ctrl_body4.inTangents = [[0.24113464355469, -0.10173034667969], [0.11724853515625, -0.13002014160156], [-0.5494384765625, -1.06233215332031], [-0.24171447753906, -0.174072265625], [-0.17466735839844, -0.11483764648438], [-0.530517578125, 0.448974609375], [-0.11479187011719, 0.08042907714844], [-0.11408996582031, 0.19532775878906], [0.12437438964844, 0.208740234375], [0.24072265625, 0.27642822265625], [0.44303894042969, 0.16667175292969], [0.42842102050781, -0.05007934570313]];
ctrl_body4.outTangents = [[-0.18092346191406, 0.07633972167969], [-0.26907348632813, 0.29840087890625], [0.16761779785156, 0.32408142089844], [0.2119140625, 0.15260314941406], [0.61109924316406, 0.40176391601563], [0.1278076171875, -0.10816955566406], [0.08882141113281, -0.06224060058594], [0.093994140625, -0.16090393066406], [-0.16099548339844, -0.270263671875], [-0.27670288085938, -0.3177490234375], [-0.58805847167969, -0.22122192382813], [-0.898681640625, 0.10504150390625]];
ctrl_body4.closed = true;