var ctrl_shoulders4 = new Shape();
ctrl_shoulders4.vertices = [[10.2500152587891, 4.07728576660156], [5.8564453125, 1.12161254882813], [3.38008117675781, 0.80209350585938], [1.14335632324219, 0.24290466308594], [0.50430297851563, 2.23997497558594], [4.09902954101563, 1.76068115234375], [8.09317016601563, 3.59799194335938], [10.2500152587891, 4.39682006835938]];
ctrl_shoulders4.inTangents = [[0, 0.10650634765625], [1.99783325195313, 0.51795959472656], [0.80860900878906, 0.14689636230469], [0.39944458007813, -0.07940673828125], [-0.59275817871094, -0.49705505371094], [-0.68714904785156, 0.04789733886719], [-0.79684448242188, -0.97181701660156], [-1.13383483886719, 1.37893676757813]];
ctrl_shoulders4.outTangents = [[-0.67703247070313, -0.92515563964844], [-0.61758422851563, -0.16011047363281], [-0.68000793457031, -0.12355041503906], [-0.44502258300781, 0.08848571777344], [0.54112243652344, 0.45378112792969], [1.90524291992188, -0.13282775878906], [0.54827880859375, 0.66867065429688], [0, -0.10652160644531]];
ctrl_shoulders4.closed = true;