var ctrl_vpos2 = new Shape();
ctrl_vpos2.vertices = [[-7.62168884277344, -1.9622802734375], [-3.744384765625, -1.23529052734375], [4.81797790527344, -1.23529052734375], [8.12983703613281, -2.28538513183594], [6.35275268554688, -4.46636962890625], [2.39466857910156, -8.4244384765625], [0.13291931152344, -10.2015380859375], [-2.04806518554688, -8.4244384765625], [-6.00614929199219, -4.46636962890625]];
ctrl_vpos2.inTangents = [[-0.31484985351563, -1.03211975097656], [-1.47531127929688, 0], [-2.20187377929688, 0], [-0.03468322753906, 1.18295288085938], [0.52212524414063, 0.52212524414063], [1.40699768066406, 1.40699768066406], [0.86918640136719, -0.02421569824219], [0.64765930175781, -0.64765930175781], [1.27079772949219, -1.27079772949219]];
ctrl_vpos2.outTangents = [[0.32353210449219, 1.06053161621094], [2.1824951171875, 0], [1.67269897460938, 0], [0.02496337890625, -0.85102844238281], [-1.38459777832031, -1.38458251953125], [-0.54634094238281, -0.54634094238281], [-0.86778259277344, 0.024169921875], [-1.45112609863281, 1.45112609863281], [-0.66055297851563, 0.66056823730469]];
ctrl_vpos2.closed = true;