var ctrl_xpos1 = new Shape();
ctrl_xpos1.vertices = [[-2.73605346679688, -7.89546203613281], [-2.89759826660156, -7.81468200683594], [-8.55198669433594, -2.16029357910156], [-10.2483062744141, -0.06008911132813], [-8.47122192382813, 2.12089538574219], [-4.51313781738281, 6.07896423339844], [-2.25138854980469, 7.85606384277344], [-1.28205871582031, 4.70576477050781], [-1.28205871582031, -3.53349304199219]];
ctrl_xpos1.inTangents = [[1.95208740234375, -0.61201477050781], [0.06324768066406, -0.05117797851563], [1.92985534667969, -1.92985534667969], [-0.003662109375, -0.79612731933594], [-0.51875305175781, -0.51875305175781], [-1.3477783203125, -1.34776306152344], [-0.87528991699219, 0.06437683105469], [0, 1.69261169433594], [0, 2.67698669433594]];
ctrl_xpos1.outTangents = [[-0.10043334960938, 0.031494140625], [-1.99665832519531, 1.61566162109375], [-0.53143310546875, 0.53143310546875], [0.00419616699219, 0.914306640625], [1.46633911132813, 1.46632385253906], [0.55497741699219, 0.55499267578125], [1.04774475097656, -0.07705688476563], [0, -2.84138488769531], [0, -1.78936767578125]];
ctrl_xpos1.closed = true;