var ctrl_body6 = new Shape();
ctrl_body6.vertices = [[2.62069702148438, -1.091064453125], [4.3089599609375, -2.69047546386719], [4.3089599609375, -4.91188049316406], [6.97463989257813, -7.75527954101563], [2.79841613769531, -9.17697143554688], [0.57701110839844, -7.57756042480469], [-3.24380493164063, -9.26583862304688], [-7.24232482910156, -7.75527954101563], [-4.57664489746094, -5.000732421875], [-4.66549682617188, -2.86819458007813], [-2.88838195800781, -1.091064453125], [-2.17752075195313, -1.091064453125], [1.90985107421875, -1.091064453125]];
ctrl_body6.inTangents = [[-0.23695373535156, 0], [-0.1893310546875, 0.85542297363281], [-0.18365478515625, 0.61543273925781], [0.007080078125, 1.56867980957031], [1.41865539550781, -0.56759643554688], [0.86582946777344, -0.23933410644531], [1.49580383300781, 0.525634765625], [0.010009765625, -1.440185546875], [-0.33657836914063, -1.14817810058594], [-0.11517333984375, -0.68002319335938], [-0.81840515136719, -0.46463012695313], [-0.23695373535156, 0], [-1.31980895996094, -1.13449096679688]];
ctrl_body6.outTangents = [[0.80361938476563, -0.47845458984375], [0.1715087890625, -0.77484130859375], [0.32926940917969, -1.10336303710938], [-0.00770568847656, -1.708740234375], [-0.91802978515625, 0.36729431152344], [-1.94552612304688, 0.53776550292969], [-1.69638061523438, -0.59609985351563], [-0.01144409179688, 1.64750671386719], [0.22555541992188, 0.7694091796875], [0.17286682128906, 1.02064514160156], [0.23695373535156, 0], [1.35923767089844, -1.29959106445313], [0.23695373535156, 0]];
ctrl_body6.closed = true;