var ctrl_pos3 = new Shape();
ctrl_pos3.vertices = [[5.77256774902344, -4.40451049804688], [5.36985778808594, -2.25674438476563], [5.36985778808594, 2.48625183105469], [5.95155334472656, 4.32081604003906], [7.15966796875, 3.33641052246094], [9.35218811035156, 1.14390563964844], [10.3365936279297, -0.10896301269531], [9.35218811035156, -1.31709289550781], [7.15966796875, -3.50961303710938]];
ctrl_pos3.inTangents = [[0.57173156738281, -0.17442321777344], [0, -0.81723022460938], [0, -1.21969604492188], [-0.65528869628906, -0.01922607421875], [-0.28921508789063, 0.28923034667969], [-0.77938842773438, 0.77938842773438], [0.01341247558594, 0.48147583007813], [0.3587646484375, 0.3587646484375], [0.70394897460938, 0.70394897460938]];
ctrl_pos3.outTangents = [[-0.58746337890625, 0.17921447753906], [0, 1.20896911621094], [0, 0.92657470703125], [0.47142028808594, 0.01382446289063], [0.76698303222656, -0.7669677734375], [0.30264282226563, -0.30264282226563], [-0.01339721679688, -0.48069763183594], [-0.8038330078125, -0.8038330078125], [-0.36590576171875, -0.36590576171875]];
ctrl_pos3.closed = true;