var ctrl_body3 = new Shape();
ctrl_body3.vertices = [[3.15383911132813, -17.3517456054688], [3.24269104003906, -15.2191925048828], [5.01982116699219, -12.8200836181641], [9.196044921875, -12.8200836181641], [9.55146789550781, -14.4194946289063], [9.81803894042969, -15.4857635498047], [9.01834106445313, -15.3080444335938], [7.06350708007813, -14.9526214599609], [5.19752502441406, -14.5971984863281], [6.3526611328125, -13.7975006103516], [4.75325012207031, -14.5083465576172]];
ctrl_body3.inTangents = [[1.10395812988281, -0.40672302246094], [-0.22660827636719, -0.68472290039063], [-1.19895935058594, -0.24287414550781], [-0.57373046875, 0.19924926757813], [-0.04678344726563, 0.62208557128906], [0.43196105957031, 0.3233642578125], [0.00180053710938, -0.00053405761719], [0.59950256347656, 0.01145935058594], [-0.97923278808594, -1.15431213378906], [0.47042846679688, -0.47042846679688], [0.16845703125, 0.2615966796875]];
ctrl_body3.outTangents = [[-0.94499206542969, 0.34815979003906], [0.37203979492188, 1.12409973144531], [0.803466796875, 0.16276550292969], [0.78131103515625, -0.27131652832031], [0.02455139160156, -0.326416015625], [-0.31301879882813, -0.23432922363281], [-0.52171325683594, 0.15129089355469], [-0.62429809570313, -0.01194763183594], [0.19900512695313, 0.23457336425781], [-0.35153198242188, 0.35153198242188], [-0.52886962890625, -0.82127380371094]];
ctrl_body3.closed = true;