var ctrl_paw1 = new Shape();
ctrl_paw1.vertices = [[-4.17790222167969, -9.1380615234375], [-2.89614868164063, -2.80941772460938]];
ctrl_paw1.inTangents = [[3.20182800292969, -0.6485595703125], [-2.64009094238281, 0.11355590820313]];
ctrl_paw1.outTangents = [[-3.00540161132813, 0.6087646484375], [3.2967529296875, -0.14179992675781]];
ctrl_paw1.closed = true;