var ctrl_shoulders2 = new Shape();
ctrl_shoulders2.vertices = [[-2.1318359375, -4.23052978515625], [-2.45137023925781, -3.35182189941406], [-3.17031860351563, -3.27194213867188], [-3.40995788574219, -2.07369995117188], [-2.29159545898438, -1.59440612792969], [-2.1318359375, -0.95533752441406], [2.18183898925781, -0.95533752441406], [2.50137329101563, -1.67428588867188], [3.4599609375, -2.07369995117188], [3.30020141601563, -3.19206237792969], [2.34159851074219, -3.43170166015625], [2.26171875, -4.23052978515625], [0.82383728027344, -3.99089050292969]];
ctrl_shoulders2.inTangents = [[0.28860473632813, -0.16954040527344], [0.13983154296875, -0.14151000976563], [0.08424377441406, -0.05413818359375], [-0.05528259277344, -0.13031005859375], [-0.18875122070313, -0.15643310546875], [-0.07832336425781, -0.07952880859375], [-0.56871032714844, 0.511962890625], [-0.13699340820313, 0.11509704589844], [-0.17112731933594, 0.40342712402344], [0.20948791503906, 0.21769714355469], [0.12496948242188, 0.17344665527344], [0.25209045410156, 0.19497680664063], [0.25114440917969, -0.02787780761719]];
ctrl_shoulders2.outTangents = [[-0.429931640625, 0.2525634765625], [-0.20498657226563, 0.20747375488281], [-0.43701171875, 0.2808837890625], [0.19564819335938, 0.46124267578125], [0.11665344238281, 0.09669494628906], [0.5948486328125, 0.60404968261719], [0.19512939453125, -0.1756591796875], [0.37570190429688, -0.31562805175781], [0.0445556640625, -0.10501098632813], [-0.13764953613281, -0.14303588867188], [-0.054443359375, -0.07557678222656], [-0.35520935058594, -0.27476501464844], [-1.24690246582031, 0.13844299316406]];
ctrl_shoulders2.closed = true;