var ctrl_body9 = new Shape();
ctrl_body9.vertices = [[-1.28897094726563, -2.86819458007813], [-2.62181091308594, -3.22361755371094]];
ctrl_body9.inTangents = [[0.24810791015625, 1.53871154785156], [0.47000122070313, -0.09696960449219]];
ctrl_body9.outTangents = [[-0.09342956542969, -0.57948303222656], [-2.69293212890625, 0.55560302734375]];
ctrl_body9.closed = true;