var ctrl_shoulders3 = new Shape();
ctrl_shoulders3.vertices = [[-10.2000122070313, 4.31692504882813], [-9.00175476074219, 4.95599365234375], [-7.96328735351563, 3.51809692382813], [-2.61112976074219, 2.00033569335938], [-0.45429992675781, 2.23997497558594], [-0.93359375, 0.24290466308594], [-2.85078430175781, 0.72219848632813], [-4.927734375, 0.96185302734375], [-10.2000122070313, 4.07728576660156]];
ctrl_shoulders3.inTangents = [[0, -0.07987976074219], [-0.55204772949219, 0.13502502441406], [-0.31864929199219, 0.38862609863281], [-2.52626037597656, -0.50932312011719], [-0.47378540039063, 0.33668518066406], [0.466064453125, 0.13955688476563], [0.60713195800781, -0.13581848144531], [0.66351318359375, -0.08030700683594], [1.075927734375, -1.23672485351563]];
ctrl_shoulders3.outTangents = [[0.37040710449219, 0.3780517578125], [0.45050048828125, -0.11018371582031], [1.11790466308594, -1.36335754394531], [0.57673645019531, 0.11627197265625], [0.51408386230469, -0.36532592773438], [-0.41171264648438, -0.12327575683594], [-0.584716796875, 0.13081359863281], [-2.37873840332031, 0.28787231445313], [0, 0.07987976074219]];
ctrl_shoulders3.closed = true;