var ctrl_body5 = new Shape();
ctrl_body5.vertices = [[-1.82209777832031, -11.7537994384766], [-1.91096496582031, -11.3095245361328], [-2.71066284179688, -10.9541015625], [-1.91096496582031, -9.88783264160156], [-1.82209777832031, -9.35469055175781], [1.376708984375, -9.26583862304688], [1.73213195800781, -9.88783264160156], [2.3541259765625, -10.0655364990234], [2.3541259765625, -11.0429534912109], [1.55442810058594, -11.2206726074219], [1.465576171875, -11.8426666259766], [-0.13383483886719, -11.5760955810547]];
ctrl_body5.inTangents = [[0.28483581542969, -0.12185668945313], [0.13446044921875, -0.15718078613281], [0.16908264160156, -0.27088928222656], [-0.25942993164063, -0.23338317871094], [-0.14949035644531, -0.0924072265625], [-0.611328125, 0.41098022460938], [-0.142333984375, 0.09974670410156], [-0.12332153320313, 0.21397399902344], [0.12835693359375, 0.20779418945313], [0.20124816894531, 0.26315307617188], [0.34078979492188, 0.13743591308594], [0.65171813964844, -0.00704956054688]];
ctrl_body5.outTangents = [[-0.1956787109375, 0.08370971679688], [-0.25131225585938, 0.29379272460938], [-0.56106567382813, 0.89891052246094], [0.09268188476563, 0.0833740234375], [0.70501708984375, 0.43582153320313], [0.19161987304688, -0.12881469726563], [0.28732299804688, -0.20130920410156], [0.09443664550781, -0.16383361816406], [-0.13650512695313, -0.22100830078125], [-0.14605712890625, -0.19096374511719], [-0.40345764160156, -0.16268920898438], [-0.72148132324219, 0.0078125]];
ctrl_body5.closed = true;