var ctrl_body1 = new Shape();
ctrl_body1.vertices = [[3.50926208496094, -23.6605224609375], [-0.84468078613281, -17.6183166503906], [-0.578125, -16.7297515869141], [2.26527404785156, -15.8411865234375], [1.99870300292969, -16.9963226318359], [3.68696594238281, -18.0625915527344], [4.84210205078125, -16.1966094970703], [7.77435302734375, -15.6634674072266], [9.64033508300781, -16.4631805419922], [8.84062194824219, -17.2628936767578], [9.284912109375, -19.0400085449219], [8.84062194824219, -19.8397216796875], [8.2186279296875, -22.3276824951172]];
ctrl_body1.inTangents = [[2.02534484863281, -0.2796630859375], [-0.37059020996094, -3.02645874023438], [-0.13148498535156, -0.213623046875], [-0.55418395996094, 0.55418395996094], [-0.05426025390625, 0.56130981445313], [-0.96159362792969, -0.236572265625], [-0.48265075683594, -0.51123046875], [-0.94937133789063, 0.10113525390625], [-0.02897644042969, 0.45829772949219], [0.11672973632813, 0.47969055175781], [0.07038879394531, 0.53997802734375], [0.06369018554688, 0.22657775878906], [0.51974487304688, 0.69990539550781]];
ctrl_body1.outTangents = [[-2.82748413085938, 0.39039611816406], [0.0228271484375, 0.18649291992188], [0.16801452636719, 0.27293395996094], [0.20677185058594, -0.20677185058594], [0.05804443359375, -0.60035705566406], [1.05625915527344, 0.25985717773438], [0.390380859375, 0.41348266601563], [0.31449890136719, -0.03352355957031], [0.02926635742188, -0.46295166015625], [-0.12750244140625, -0.52400207519531], [-0.03518676757813, -0.26985168457031], [-0.28889465332031, -1.02767944335938], [-0.75563049316406, -1.01759338378906]];
ctrl_body1.closed = true;