var ctrl_pos1 = new Shape();
ctrl_pos1.vertices = [[-4.37136840820313, 6.12120056152344], [-4.32662963867188, 6.210693359375], [-1.1944580078125, 9.34286499023438], [-0.03108215332031, 10.2825164794922], [1.17703247070313, 9.29811096191406], [3.36955261230469, 7.1055908203125], [4.35395812988281, 5.85272216796875], [2.60888671875, 5.31578063964844], [-1.95512390136719, 5.31578063964844]];
ctrl_pos1.inTangents = [[-0.33901977539063, -1.08132934570313], [-0.02835083007813, -0.0350341796875], [-1.06901550292969, -1.06901550292969], [-0.44099426269531, 0.00202941894531], [-0.287353515625, 0.287353515625], [-0.74656677246094, 0.74658203125], [0.03565979003906, 0.48486328125], [0.93760681152344, 0], [1.48287963867188, 0]];
ctrl_pos1.outTangents = [[0.01744079589844, 0.05563354492188], [0.89497375488281, 1.10601806640625], [0.29437255859375, 0.29437255859375], [0.5064697265625, -0.00233459472656], [0.812255859375, -0.81224060058594], [0.30743408203125, -0.30741882324219], [-0.04267883300781, -0.58038330078125], [-1.57394409179688, 0], [-0.99119567871094, 0]];
ctrl_pos1.closed = true;