var ctrl_transform1 = new Shape();
ctrl_transform1.vertices = [[-2.38584899902344, 3.36137390136719], [-2.36125183105469, 3.41056823730469], [-0.63948059082031, 5.13235473632813], [0.00004577636719, 5.64888000488281], [0.66415405273438, 5.10775756835938], [1.86940002441406, 3.90251159667969], [2.41053771972656, 3.21379089355469], [1.45124816894531, 2.91864013671875], [-1.05763244628906, 2.91864013671875]];
ctrl_transform1.inTangents = [[-0.18637084960938, -0.59440612792969], [-0.01559448242188, -0.01925659179688], [-0.587646484375, -0.587646484375], [-0.242431640625, 0.00111389160156], [-0.157958984375, 0.157958984375], [-0.410400390625, 0.410400390625], [0.01959228515625, 0.26654052734375], [0.51541137695313, 0], [0.81515502929688, 0]];
ctrl_transform1.outTangents = [[0.00958251953125, 0.03059387207031], [0.49195861816406, 0.60798645019531], [0.16181945800781, 0.16181945800781], [0.27839660644531, -0.00128173828125], [0.44650268554688, -0.44650268554688], [0.16899108886719, -0.16899108886719], [-0.02346801757813, -0.31903076171875], [-0.86520385742188, 0], [-0.54486083984375, 0]];
ctrl_transform1.closed = true;