var ctrl_paw4 = new Shape();
ctrl_paw4.vertices = [[7.75840759277344, -4.01106262207031], [6.877197265625, 0.87562561035156]];
ctrl_paw4.inTangents = [[3.87193298339844, -0.83734130859375], [-2.24653625488281, -0.80183410644531]];
ctrl_paw4.outTangents = [[-1.74958801269531, 0.37837219238281], [3.57864379882813, 1.27726745605469]];
ctrl_paw4.closed = true;