var ctrl_paw3 = new Shape();
ctrl_paw3.vertices = [[-10.2662200927734, -1.52766418457031], [-7.30216979980469, 0.95573425292969], [-8.744140625, -4.09117126464844], [-10.2662200927734, -2.32875061035156]];
ctrl_paw3.inTangents = [[0, -0.26702880859375], [-1.92976379394531, 0.33647155761719], [3.06434631347656, -0.50798034667969], [0.29765319824219, -0.97920227050781]];
ctrl_paw3.outTangents = [[0.61050415039063, 1.51724243164063], [2.61422729492188, -0.455810546875], [-0.74073791503906, 0.122802734375], [0, 0.26702880859375]];
ctrl_paw3.closed = true;