var fin_9 = new Shape();
fin_9.vertices = [[-25.8668823242188, 3.68992614746094], [-25.4912719726563, 3.31431579589844], [-10.9676208496094, -3.69709777832031], [-5.08303833007813, -5.32473754882813], [-11.2180328369141, -5.19953918457031], [-25.2408752441406, 2.68829345703125]];
fin_9.inTangents = [[0.03848266601563, -0.27290344238281], [-0.16862487792969, 0.14613342285156], [-5.71745300292969, 0.92332458496094], [0.43467712402344, 1.50091552734375], [1.11614990234375, -0.22772216796875], [3.17665100097656, -3.65318298339844]];
fin_9.outTangents = [[-0.04368591308594, 0.30967712402344], [3.68806457519531, -3.19630432128906], [1.46571350097656, -0.2366943359375], [-0.32745361328125, -1.13067626953125], [-6.00888061523438, 1.2259521484375], [-0.13914489746094, 0.1600341796875]];
fin_9.closed = true;