var fin_5 = new Shape();
fin_5.vertices = [[-3.07978820800781, 0.68504333496094], [-3.58059692382813, 0.68504333496094], [-12.4700775146484, 9.82492065429688], [-12.7204742431641, 11.3273620605469], [-5.08303833007813, 3.81513977050781], [-2.07815551757813, 1.43626403808594]];
fin_5.inTangents = [[0.33677673339844, 0.01040649414063], [0.10847473144531, -0.04872131347656], [1.49397277832031, -4.114501953125], [-0.73255920410156, 1.70927429199219], [-2.83914184570313, 1.65303039550781], [0.05561828613281, 1.01869201660156]];
fin_5.outTangents = [[-0.12086486816406, -0.00373840332031], [-3.61589050292969, 1.62387084960938], [-0.06474304199219, 0.17832946777344], [1.41488647460938, -3.30140686035156], [0.74351501464844, -0.43290710449219], [-0.03228759765625, -0.59150695800781]];
fin_5.closed = true;