var fin_6 = new Shape();
fin_6.vertices = [[-1.95294189453125, 2.68829345703125], [-3.07978820800781, 3.56472778320313], [-5.45864868164063, 8.44767761230469], [-5.45864868164063, 9.95011901855469], [-3.45539855957031, 6.44441223144531], [-0.32530212402344, 3.18911743164063]];
fin_6.inTangents = [[0.55198669433594, -0.15892028808594], [0.23544311523438, -0.281005859375], [0.43571472167969, -1.84341430664063], [-0.51231384277344, 1.47154235839844], [-0.51985168457031, 0.61465454101563], [0.23687744140625, 0.92680358886719]];
fin_6.outTangents = [[-0.41279602050781, 0.11885070800781], [-1.04328918457031, 1.24522399902344], [-0.19483947753906, 0.82427978515625], [0.39195251464844, -1.12586975097656], [0.51570129394531, -0.60972595214844], [-0.15525817871094, -0.60749816894531]];
fin_6.closed = true;