var fin_8 = new Shape();
fin_8.vertices = [[-28.4961700439453, -1.94424438476563], [-26.8685150146484, -2.82066345214844], [-12.0944671630859, -6.952392578125], [-5.33345031738281, -7.45321655273438], [-8.213134765625, -8.32963562011719], [-26.2424926757813, -3.57188415527344]];
fin_8.inTangents = [[0.20993041992188, -0.48385620117188], [-0.42140197753906, 0.22352600097656], [-5.27156066894531, 0], [0.10685729980469, 1.57632446289063], [1.269287109375, 0.10272216796875], [4.85823059082031, -3.08918762207031]];
fin_8.outTangents = [[-0.15242004394531, 0.35130310058594], [3.93467712402344, -2.08709716796875], [1.09942626953125, 0], [-0.05023193359375, -0.74090576171875], [-8.13951110839844, -0.65869140625], [-0.63113403320313, 0.40130615234375]];
fin_8.closed = true;