var fin_2 = new Shape();
fin_2.vertices = [[-3.58059692382813, -10.8337097167969], [-3.58059692382813, -10.5832977294922], [-4.08140563964844, -6.201171875], [0.80154418945313, 1.93707275390625], [0.67633056640625, -1.94424438476563], [-1.20172119140625, -4.3231201171875], [-3.33018493652344, -10.8337097167969]];
fin_2.inTangents = [[0.09188842773438, -0.05984497070313], [0.00752258300781, -0.03457641601563], [-0.1170654296875, -1.25651550292969], [-2.32220458984375, 0.28688049316406], [0.69847106933594, 0.87164306640625], [0.53579711914063, 0.8193359375], [0.53852844238281, 2.31309509277344]];
fin_2.outTangents = [[-0.02508544921875, 0.01632690429688], [-0.26509094238281, 1.21902465820313], [0.33090209960938, 3.55181884765625], [2.63595581054688, -0.32562255859375], [-0.63348388671875, -0.79055786132813], [-1.31060791015625, -2.00413513183594], [-0.04689025878906, -0.20138549804688]];
fin_2.closed = true;