var fin_4 = new Shape();
fin_4.vertices = [[-4.58222961425781, -1.19302368164063], [-4.8326416015625, -1.19302368164063], [-14.2229309082031, 4.44114685058594], [-17.1026153564453, 8.44767761230469], [-17.4782257080078, 9.44931030273438], [-7.21150207519531, 1.81187438964844], [-3.45539855957031, -0.69219970703125]];
fin_4.inTangents = [[0.39216613769531, -0.01336669921875], [0.07414245605469, -0.01856994628906], [1.98219299316406, -2.00349426269531], [0.86625671386719, -1.560546875], [-0.86595153808594, 1.1290283203125], [-4.3203125, 1.82925415039063], [0.30288696289063, 1.31016540527344]];
fin_4.outTangents = [[-0.07672119140625, 0.00262451171875], [-3.21759033203125, 0.80647277832031], [-1.08352661132813, 1.09518432617188], [-0.23765563964844, 0.42813110351563], [2.77265930175781, -3.61500549316406], [1.15521240234375, -0.4891357421875], [-0.18638610839844, -0.80625915527344]];
fin_4.closed = true;