var pincer = new Shape();
pincer.vertices = [[3.7841796875, -21.4992218017578], [3.70645141601563, -13.8792266845703], [2.26979064941406, -13.3384857177734], [3.4613037109375, -12.1598968505859], [1.32676696777344, -3.95602416992188], [-0.04212951660156, -2.66006469726563], [-1.71267700195313, -4.17010498046875], [-2.96759033203125, -12.5941009521484], [-2.17567443847656, -13.2267456054688], [-4.87161254882813, -14.6198425292969], [-4.48619079589844, -19.7838439941406], [-4.14265441894531, -20.9628601074219], [-8.75048828125, -8.33122253417969], [-5.32745361328125, 2.41932678222656], [-4.60891723632813, 2.91647338867188], [1.67282104492188, 4.07525634765625], [6.11140441894531, 1.243408203125], [8.82209777832031, -10.6938629150391], [4.02369689941406, -21.3335113525391]];
pincer.inTangents = [[0.079833984375, 0.05523681640625], [3.38223266601563, -1.52604675292969], [0.01214599609375, -0.18629455566406], [-0.2967529296875, -0.36506652832031], [2.95263671875, -2.62185668945313], [0.1024169921875, -0.00167846679688], [0.2691650390625, 0.25656127929688], [-3.04364013671875, 2.98455810546875], [0.00343322753906, 0.11334228515625], [0.70149230957031, 0.74119567871094], [-0.7559814453125, 1.35787963867188], [1.44358825683594, -1.12236022949219], [-0.13824462890625, -4.13002014160156], [-2.58670043945313, -2.96412658691406], [-0.239501953125, -0.16571044921875], [-1.93983459472656, 0.50123596191406], [-1.10386657714844, 1.55718994140625], [0.17355346679688, 3.72404479980469], [3.17794799804688, 2.66328430175781]];
pincer.outTangents = [[1.21823120117188, 2.33662414550781], [-0.50587463378906, 0.22824096679688], [-0.01222229003906, 0.18742370605469], [1.97549438476563, 2.43014526367188], [-0.25083923339844, 0.22273254394531], [-0.25434875488281, 0.00418090820313], [-2.30636596679688, -2.19837951660156], [-0.02584838867188, 0.02534484863281], [-0.01063537597656, -0.35081481933594], [-1.12162780761719, -1.18511962890625], [0.46511840820313, -0.83544921875], [-4.10675048828125, 3.19291687011719], [0.12336730957031, 3.68533325195313], [0.23951721191406, 0.16571044921875], [2.36473083496094, 1.19148254394531], [1.54954528808594, -0.400390625], [2.44973754882813, -3.45570373535156], [-0.19418334960938, -4.16685485839844], [-0.079833984375, -0.05523681640625]];
pincer.closed = true;