var pinNeedle = new Shape();
pinNeedle.vertices = [[13.7023773193359, -16], [5.47381591796875, -7.77142333984375], [0.75, 0], [8.06428527832031, -5.4857177734375], [16.2928619384766, -13.7142791748047]];
pinNeedle.inTangents = [[0, 0], [0, 0], [0, 0], [0, 0], [0, 0]];
pinNeedle.outTangents = [[0, 0], [0, 0], [0, 0], [0, 0], [0, 0]];
pinNeedle.closed = true;