var pinTop = new Shape();
pinTop.vertices = [[24.6726379394531, -34.5], [34.6699981689453, -24.9618682861328], [26.9935607910156, -18.9175109863281], [25.2696228027344, -9.10385131835938], [9.27384948730469, -24.3648681640625], [18.9956817626953, -26.5480346679688]];
pinTop.inTangents = [[0, 0], [0, 0], [0, 0], [0, 0], [0, 0], [0, 0]];
pinTop.outTangents = [[0, 0], [0, 0], [0, 0], [0, 0], [0, 0], [0, 0]];
pinTop.closed = true;