var torso1 = new Shape();
torso1.vertices = [[17.4701690673828, -7.93064880371094], [10.7823791503906, -21.9886779785156], [6.55131530761719, -22.3981323242188], [3.68511962890625, -21.0332794189453], [1.77432250976562, -20.6238250732422], [0.13648986816406, -19.9413909912109], [-1.91079711914062, -20.7602996826172], [-3.68511962890625, -21.0332794189453], [-6.41482543945312, -22.3981323242188], [-17.4701690673828, -7.65768432617188], [-17.4701690673828, -4.10905456542969], [-14.0580291748047, 6.40034484863281], [-2.32026672363281, 2.03280639648438], [0, -1.10636901855469], [2.32025146484375, 2.16929626464844], [10.7823791503906, 7.21926879882812], [17.4701690673828, -3.83609008789062]];
torso1.inTangents = [[0, 1.36485290527344], [4.54110717773438, 1.92887878417969], [1.52848815917969, -0.23045349121094], [1.09783935546875, -0.3824462890625], [0.63381958007812, -0.23928833007812], [0.59986877441406, -0.02142333984375], [0.9801025390625, 0.34278869628906], [0.47978210449219, 0.16567993164062], [0.96783447265625, 0.15892028808594], [0.68632507324219, -6.70639038085938], [0, -1.18287658691406], [-2.83303833007812, -1.72909545898438], [-1.82402038574219, 2.86856079101562], [-0.57192993164062, 0], [-0.66206359863281, -1.03683471679688], [-4.39659118652344, 0.1064453125], [-0.3843994140625, 5.53675842285156]];
torso1.outTangents = [[-0.56906127929688, -5.72969055175781], [-1.15065002441406, -0.48875427246094], [-1.02104187011719, 0.1539306640625], [-0.52937316894531, 0.18441772460938], [-0.72122192382812, 0.27229309082031], [-0.79067993164062, 0.02822875976562], [-0.55455017089844, -0.1939697265625], [-1.03761291503906, -0.35830688476562], [-8.402099609375, -1.37965393066406], [0, 1.18287658691406], [0.337158203125, 4.24665832519531], [4.99462890625, 3.04838562011719], [0.74772644042969, -1.17591857910156], [0.71615600585938, 0], [1.81858825683594, 2.84796142578125], [5.82003784179688, -0.14091491699219], [0, -1.36485290527344]];
torso1.closed = true;