var torso4 = new Shape();
torso4.vertices = [[-11.1918334960938, -13.7995300292969], [-5.32293701171875, -10.6603698730469], [-1.63783264160156, -11.4792785644531], [-2.04728698730469, -13.1171112060547], [-5.18646240234375, -13.2536010742188], [-8.32563781738281, -14.3454742431641], [-11.8742523193359, -18.5765380859375]];
torso4.inTangents = [[-0.64657592773438, -0.82794189453125], [-2.10897827148438, -0.19648742675781], [-0.29330444335938, 0.96907043457031], [0.0125732421875, 0.00917053222656], [1.43984985351562, 0.14749145507812], [1.05238342285156, 0.77932739257812], [1.32084655761719, -0.26571655273438]];
torso4.outTangents = [[1.31129455566406, 1.67909240722656], [1.6812744140625, 0.15664672851562], [0.20240783691406, -0.66871643066406], [-0.41734313964844, -0.3043212890625], [-1.31748962402344, -0.13494873046875], [-1.1014404296875, -0.81568908691406], [-2.18124389648438, 0.43881225585938]];
torso4.closed = true;