var torso5 = new Shape();
torso5.vertices = [[9.41751098632812, -15.4373626708984], [5.04997253417969, -13.2536010742188], [1.77430725097656, -11.2063140869141], [5.45942687988281, -10.6603698730469], [11.1918334960938, -13.7995300292969], [11.6012878417969, -18.5765380859375]];
torso5.inTangents = [[0.69114685058594, -0.885009765625], [1.44967651367188, -0.13331604003906], [-1.30683898925781, -2.19342041015625], [-1.46833801269531, 0.15159606933594], [-1.30824279785156, 1.67518615722656], [2.74375915527344, -0.49295043945312]];
torso5.outTangents = [[-0.93389892578125, 1.19584655761719], [-1.79643249511719, 0.16522216796875], [0.39491271972656, 0.66282653808594], [2.67826843261719, -0.27651977539062], [0.32925415039062, -0.421630859375], [-1.25123596191406, 0.22480773925781]];
torso5.closed = true;