var torso2 = new Shape();
torso2.vertices = [[-9.008056640625, -19.2589569091797], [-3.002685546875, -15.8468170166016], [-2.45674133300781, -18.1670837402344], [-5.04997253417969, -18.5765380859375], [-8.18914794921875, -20.7602996826172]];
torso2.inTangents = [[-0.09918212890625, -0.99266052246094], [-2.10877990722656, 0.73463439941406], [0.74076843261719, 0.76254272460938], [0.94404602050781, 0.29808044433594], [1.40660095214844, -0.43370056152344]];
torso2.outTangents = [[0.15777587890625, 1.57929992675781], [0.54998779296875, -0.19160461425781], [-0.262939453125, -0.27064514160156], [-1.63040161132812, -0.51478576660156], [-0.65107727050781, 0.20074462890625]];
torso2.closed = true;