var torso8 = new Shape();
torso8.vertices = [[-15.9688262939453, -5.20094299316406], [-8.05265808105469, -0.42393493652344], [-3.41213989257812, -2.061767578125], [-8.59860229492188, -3.01716613769531], [-13.2391204833984, -5.47390747070312], [-15.4228820800781, -6.5657958984375]];
torso8.inTangents = [[-0.07138061523438, -0.73783874511719], [-2.34930419921875, -0.16828918457031], [0.14234924316406, 1.736328125], [2.31851196289062, 0.25932312011719], [0.86860656738281, 0.87442016601562], [1.08720397949219, -0.60090637207031]];
torso8.outTangents = [[0.23356628417969, 2.41459655761719], [1.81202697753906, 0.12979125976562], [-0.16276550292969, -1.9852294921875], [-1.78001403808594, -0.1990966796875], [0.04658508300781, 0.04689025878906], [-0.44204711914062, 0.24432373046875]];
torso8.closed = true;