var vertebrae1 = new Shape();
vertebrae1.vertices = [[-4.02859497070312, -23.3813018798828], [-4.49650573730469, -21.7903900146484], [-5.24517822265625, -21.7903900146484], [-5.80667114257812, -18.7957153320312], [-4.49650573730469, -18.7021331787109], [-4.12217712402344, -17.4855499267578], [-1.03392028808594, -16.6432952880859], [4.01959228515625, -17.3919677734375], [4.3939208984375, -18.7021331787109], [5.79766845703125, -18.8892974853516], [5.51692199707031, -21.6968078613281], [4.20675659179688, -21.8839721679688], [3.92601013183594, -23.3813018798828], [2.42866516113281, -23.1005554199219], [0.65058898925781, -22.8198089599609]];
vertebrae1.inTangents = [[0.38066101074219, -0.2059326171875], [0.36544799804688, -0.34780883789062], [0.291748046875, -0.03688049316406], [-1.23574829101562, -0.59953308105469], [-0.20448303222656, -0.15142822265625], [-0.16813659667969, -0.20257568359375], [-1.00218200683594, -0.07179260253906], [-0.64654541015625, 0.69125366210938], [-0.3721923828125, 0.29383850097656], [-0.33799743652344, 0.22445678710938], [0.65777587890625, 0.27294921875], [0.22276306152344, 0.26162719726562], [0.49758911132812, 0.33889770507812], [0.3194580078125, -0.08232116699219], [0.58247375488281, -0.03904724121094]];
vertebrae1.outTangents = [[-0.73385620117188, 0.39700317382812], [-0.09028625488281, 0.08592224121094], [-1.2093505859375, 0.15287780761719], [0.31802368164062, 0.154296875], [0.21723937988281, 0.16087341308594], [0.41090393066406, 0.49508666992188], [1.5440673828125, 0.110595703125], [0.20578002929688, -0.22001647949219], [0.32138061523438, -0.25372314453125], [0.9801025390625, -0.65086364746094], [-0.24797058105469, -0.10289001464844], [-0.25149536132812, -0.29534912109375], [-0.62197875976562, -0.42362976074219], [-0.54145812988281, 0.13951110839844], [-1.63916015625, 0.10989379882812]];
vertebrae1.closed = true;