var vertebrae3 = new Shape();
vertebrae3.vertices = [[1.3056640625, 0.38888549804688], [4.01959228515625, -0.35977172851562], [4.3939208984375, -1.66995239257812], [5.98483276367188, -2.04428100585938], [6.17201232910156, -4.00953674316406], [4.20675659179688, -4.75819396972656], [3.83241271972656, -6.34912109375], [0.83775329589844, -5.78761291503906], [-2.34408569335938, -5.97479248046875], [-3.93501281738281, -6.44270324707031], [-4.49650573730469, -4.75819396972656], [-5.90025329589844, -4.57102966308594], [-5.80667114257812, -1.76353454589844], [-4.49650573730469, -1.66995239257812], [-3.93501281738281, -0.26618957519531], [-1.31466674804688, 0.38888549804688]];
vertebrae3.inTangents = [[-0.87344360351562, 0], [-0.6474609375, 0.69038391113281], [-0.23905944824219, 0.19287109375], [-0.41775512695312, 0.47889709472656], [0.20335388183594, 0.47799682617188], [0.4244384765625, 0.44834899902344], [0.67092895507812, 0.36927795410156], [1.07548522949219, -0.08285522460938], [1.06463623046875, 0.24461364746094], [0.63789367675781, -0.21122741699219], [0.4659423828125, -0.44346618652344], [0.3553466796875, -0.23045349121094], [-0.86526489257812, -0.41978454589844], [-0.30070495605469, -0.22267150878906], [-0.477294921875, -0.3819580078125], [-1.03204345703125, -0.27815246582031]];
vertebrae3.outTangents = [[0.96119689941406, -0.4505615234375], [0.33480834960938, -0.35700988769531], [0.41976928710938, -0.33863830566406], [0.44212341308594, -0.50680541992188], [-0.43370056152344, -1.01939392089844], [-0.31398010253906, -0.33168029785156], [-0.68008422851562, -0.37432861328125], [-1.22048950195312, 0.09400939941406], [-0.54254150390625, -0.12464904785156], [-0.81489562988281, 0.26985168457031], [-0.25027465820312, 0.23818969726562], [-0.78269958496094, 0.50755310058594], [0.30500793457031, 0.14797973632812], [0.23396301269531, 0.17327880859375], [0.43502807617188, 0.34812927246094], [0.87344360351562, 0]];
vertebrae3.closed = true;