var wing_10 = new Shape();
wing_10.vertices = [[-7.507080078125, 2.56996154785156], [-7.69908142089844, 4.10595703125], [-7.02708435058594, 8.13790893554688], [-5.29910278320313, 5.83393859863281]];
wing_10.inTangents = [[0.23291015625, -0.24446105957031], [0.03443908691406, -0.33883666992188], [-1.42213439941406, -0.05827331542969], [0.03546142578125, 1.11053466796875]];
wing_10.outTangents = [[-0.09391784667969, 0.09860229492188], [-0.1529541015625, 1.50523376464844], [1.03266906738281, 0.04231262207031], [-0.03041076660156, -0.95254516601563]];
wing_10.closed = true;