var wing_8 = new Shape();
wing_8.vertices = [[-0.30715942382813, -1.17399597167969], [-4.14710998535156, 0.07398986816406], [-5.20310974121094, 0.07398986816406], [-4.81910705566406, 1.89797973632813], [-1.07514953613281, 0.84197998046875], [1.03683471679688, 1.22598266601563], [0.74884033203125, -1.07798767089844]];
wing_8.inTangents = [[0.23234558105469, -0.01322937011719], [1.16265869140625, -0.16374206542969], [0.21705627441406, -0.18838500976563], [-0.40626525878906, -0.12564086914063], [-1.10829162597656, -0.02854919433594], [-0.74545288085938, 0.4356689453125], [0.62698364257813, 0.37042236328125]];
wing_8.outTangents = [[-1.41627502441406, 0.08070373535156], [-0.33436584472656, 0.04710388183594], [-0.58967590332031, 0.51181030273438], [1.12080383300781, 0.34661865234375], [0.51174926757813, 0.01319885253906], [0.71316528320313, -0.41679382324219], [-0.423095703125, -0.24996948242188]];
wing_8.closed = true;