var wing_3 = new Shape();
wing_3.vertices = [[-10.675048828125, -10.5818939208984], [-10.7710418701172, -10.389892578125], [-8.37106323242188, -6.83793640136719], [-7.41107177734375, -7.02992248535156], [-6.54708862304688, -6.93392944335938], [-8.37106323242188, -8.66191101074219], [-10.3870391845703, -10.6778869628906]];
wing_3.inTangents = [[0.0404052734375, -0.0404052734375], [-0.01054382324219, -0.14695739746094], [-1.00985717773438, -0.17605590820313], [-0.486328125, 0.01170349121094], [-0.15322875976563, 0.16848754882813], [0.02584838867188, 0.02020263671875], [0.92593383789063, 0.42999267578125]];
wing_3.outTangents = [[-0.06416320800781, 0.06416320800781], [0.07197570800781, 1.00274658203125], [0.265869140625, 0.04635620117188], [0.291015625, -0.00700378417969], [0.58146667480469, -0.63935852050781], [-1.16981506347656, -0.91357421875], [-0.12400817871094, -0.05758666992188]];
wing_3.closed = true;