var wing_1 = new Shape();
wing_1.vertices = [[-20.3709411621094, -16.3418273925781], [-17.5869750976563, -12.5978698730469], [-13.2670135498047, -10.4858856201172], [-11.1550445556641, -10.8698883056641], [-13.1710205078125, -12.4058685302734], [-20.2749481201172, -16.3418273925781]];
wing_1.inTangents = [[0.03199768066406, 0], [-1.18446350097656, -0.91377258300781], [-1.43730163574219, -0.10328674316406], [-0.12075805664063, 0.1947021484375], [0.10731506347656, 0.06997680664063], [2.43032836914063, 1.051513671875]];
wing_1.outTangents = [[-0.20497131347656, 1.24955749511719], [1.59396362304688, 1.22967529296875], [0.58216857910156, 0.04182434082031], [0.16496276855469, -0.26597595214844], [-2.20811462402344, -1.43997192382813], [-0.03199768066406, 0]];
wing_1.closed = true;