var wing_4 = new Shape();
wing_4.vertices = [[-21.1389312744141, -7.41392517089844], [-19.9869384765625, -5.87794494628906], [-10.2910461425781, -5.68594360351563], [-9.52305603027344, -6.5499267578125], [-13.8430023193359, -7.12593078613281], [-18.4509582519531, -7.50991821289063]];
wing_4.inTangents = [[0.2156982421875, -0.2156982421875], [-0.17103576660156, -0.09535217285156], [-1.97816467285156, 1.43121337890625], [0.17594909667969, 0.20257568359375], [0.84930419921875, 0.09324645996094], [1.17955017089844, 0.05184936523438]];
wing_4.outTangents = [[-0.44479370117188, 0.44479370117188], [2.61689758300781, 1.458984375], [-0.06428527832031, 0.0465087890625], [-0.23039245605469, -0.26527404785156], [-1.68600463867188, -0.18510437011719], [-0.72592163085938, -0.03192138671875]];
wing_4.closed = true;