var advencedPin = new Shape();
advencedPin.vertices = [[36.9113311767578, -21.8011779785156], [22.4264221191406, -36.2860717773438], [26.1573944091797, -38.9977874755859], [29.1459503173828, -41.6127471923828], [29.3066864013672, -44.0333862304688], [26.8860931396484, -44.1941986083984], [20.2904205322266, -38.4219360351562], [17.5042877197266, -36.3568572998047], [34.4856109619141, -19.3755035400391], [34.4856109619141, -12.0968322753906], [27.2068786621094, -12.0968322753906], [10.2255554199219, -29.0781707763672], [10.2255554199219, -36.3568572998047], [7.79981994628906, -38.7825164794922], [7.79981994628906, -26.6525115966797], [15.5674438476562, -18.8851013183594], [6.01890563964844, -9.3365478515625], [0.53018188476562, -0.306884765625], [9.02890014648438, -6.68075561523438], [18.4002380371094, -16.0521545410156], [24.7813110351562, -9.67117309570312], [30.8462371826172, -7.16258239746094], [36.9113311767578, -9.67117309570312]];
advencedPin.inTangents = [[3.34449768066406, 3.34451293945312], [0, 0], [0, 0], [0, 0], [0.62388610839844, 0.71278381347656], [0.71446228027344, -0.62484741210938], [0, 0], [0, 0], [0, 0], [2.00682067871094, -2.00686645507812], [2.00682067871094, 2.00686645507812], [0, 0], [-2.0068359375, 2.00688171386719], [0, 0], [-3.344482421875, -3.34449768066406], [0, 0], [0, 0], [0, 0], [0, 0], [0, 0], [0, 0], [-2.19621276855469, 0], [-1.67231750488281, 1.67234802246094]];
advencedPin.outTangents = [[0, 0], [0, 0], [0, 0], [0.71273803710938, -0.62400817871094], [-0.6239013671875, -0.71278381347656], [0, 0], [0, 0], [0, 0], [2.0068359375, 2.00686645507812], [-2.0068359375, 2.00686645507812], [0, 0], [-2.0068359375, -2.00688171386719], [0, 0], [-3.344482421875, 3.34449768066406], [0, 0], [0, 0], [0, 0], [0, 0], [0, 0], [0, 0], [1.67182922363281, 1.67268371582031], [2.19622802734375, 0], [3.34449768066406, -3.34449768066406]];
advencedPin.closed = true;