var audio2 = new Shape();
audio2.vertices = [[34.6666717529297, -0.75688171386719], [32.1293792724609, -9.3836669921875], [28.5771636962891, -13.4433441162109], [25.5324096679688, -14.9657135009766], [24.3483428955078, -11.4135131835938], [25.5324096679688, -10.5677490234375], [27.9005584716797, -8.19960021972656], [28.7463226318359, -6.67723083496094], [29.4229278564453, -5.83146667480469], [29.5920867919922, -5.32400512695313], [29.5920867919922, 3.97940063476563], [28.7463226318359, 5.50178527832031], [28.5771636962891, 6.00923156738281], [28.2388610839844, 6.17839050292969], [27.9005584716797, 7.02415466308594], [23.6717376708984, 11.5912780761719], [25.3632659912109, 13.6211090087891], [28.5771636962891, 12.0987396240234], [33.4826049804688, 5.16346740722656], [34.4975128173828, -0.24942016601563], [34.6666717529297, -0.58772277832031]];
audio2.inTangents = [[0, 0.05638122558594], [1.69541931152344, 2.82168579101563], [1.20352172851563, 0.98121643066406], [1.06074523925781, -0.11001586914063], [-1.082763671875, -1.23849487304688], [-0.435791015625, -0.35491943359375], [-0.66246032714844, -0.69145202636719], [-0.32524108886719, -0.5626220703125], [-0.15231323242188, -0.32736206054688], [-0.02650451660156, -0.0670166015625], [1.08244323730469, -2.81956481933594], [0.31196594238281, -0.53926086425781], [0.09358215332031, -0.124755859375], [0.04661560058594, -0.07313537597656], [0.13612365722656, -0.17080688476563], [0, -1.62603759765625], [-0.94587707519531, -0.14642333984375], [-0.94914245605469, 0.78776550292969], [-1.10165405273438, 2.98674011230469], [0.14219665527344, 2.11781311035156], [-0.13180541992188, 0.03733825683594]];
audio2.outTangents = [[-0.35670471191406, -3.55094909667969], [-0.95524597167969, -1.58982849121094], [-0.61257934570313, -0.49943542480469], [-1.79154968261719, 0.18580627441406], [0.26480102539063, 0.30290222167969], [0.93858337402344, 0.76441955566406], [0.29603576660156, 0.30899047851563], [0.1783447265625, 0.30853271484375], [0.0772705078125, 0.16609191894531], [1.06675720214844, 2.69830322265625], [-0.2060546875, 0.53671264648438], [-0.06489562988281, 0.11216735839844], [-0.05760192871094, 0.07681274414063], [-0.15040588378906, 0.23594665527344], [-1.37263488769531, 1.72224426269531], [0, 0.75123596191406], [1.13426208496094, 0.17558288574219], [2.09715270996094, -1.74057006835938], [0.51564025878906, -1.39799499511719], [-0.02751159667969, -0.1966552734375], [0, -0.05638122558594]];
audio2.closed = true;