var audio3 = new Shape();
audio3.vertices = [[17.1931762695313, -8.9727783203125], [15.5723266601563, -6.54151916503906], [17.598388671875, -4.11026000976563], [18.6114044189453, 1.56266784667969], [15.5723266601563, 5.41217041015625], [17.598388671875, 7.64082336425781], [21.8530883789063, 5.41217041015625], [24.0817413330078, -2.69203186035156]];
audio3.inTangents = [[3.02951049804688, -1.0941162109375], [-0.078857421875, -1.37550354003906], [-0.75593566894531, -0.75392150878906], [1.16905212402344, -1.97344970703125], [-0.10865783691406, -2.04093933105469], [-0.87020874023438, -0.13468933105469], [-1.26632690429688, 1.42460632324219], [0.58493041992188, 3.1807861328125]];
audio3.outTangents = [[-0.74293518066406, 0.268310546875], [0.08293151855469, 1.44638061523438], [1.43000793457031, 1.42619323730469], [-0.93739318847656, 1.5823974609375], [0.07522583007813, 1.41278076171875], [1.55210876464844, 0.24021911621094], [1.67633056640625, -1.88587951660156], [-0.50843811035156, -2.76483154296875]];
audio3.closed = true;