var bendPin = new Shape();
bendPin.vertices = [[24.6918487548828, -32.3074645996094], [27.4668579101562, -34.735595703125], [27.6161193847656, -36.9832763671875], [25.3684844970703, -37.1325988769531], [16.9230041503906, -29.7416839599609], [21.1616668701172, -29.7416839599609], [28.3293762207031, -22.573974609375], [21.1616668701172, -15.4062652587891], [13.9939727783203, -22.573974609375], [12.4011383056641, -24.1667938232422], [10.8083190917969, -22.573974609375], [13.0908355712891, -16.1052703857422], [5.19584655761719, -8.21017456054688], [0.09928894042969, 0.17431640625], [7.99076843261719, -5.744140625], [15.9123687744141, -13.6656799316406], [21.1616668701172, -12.2206268310547], [31.5150299072266, -22.573974609375]];
bendPin.inTangents = [[3.97663879394531, 1.44660949707031], [0, 0], [0.57929992675781, 0.661865234375], [0.66340637207031, -0.5802001953125], [0, 0], [0, 0], [0, -3.9525146484375], [3.95243835449219, 0], [0, 3.95249938964844], [0.87956237792969, 0], [0, -0.879638671875], [-1.42462158203125, -1.77384948730469], [0, 0], [0, 0], [0, 0], [0, 0], [-1.9171142578125, 0], [0, 5.70864868164062]];
bendPin.outTangents = [[0, 0], [0.66181945800781, -0.57942199707031], [-0.57931518554688, -0.661865234375], [0, 0], [0, 0], [3.95243835449219, 0], [0, 3.95249938964844], [-3.95242309570312, 0], [0, -0.879638671875], [-0.87954711914062, 0], [0, 2.44679260253906], [0, 0], [0, 0], [0, 0], [0, 0], [1.54153442382812, 0.91191101074219], [5.70867919921875, 0], [0, -4.46971130371094]];
bendPin.closed = true;