var ctrl_vpos1 = new Shape();
ctrl_vpos1.vertices = [[-7.62168884277344, 2.72279357910156], [-7.54090881347656, 2.88433837890625], [-1.88652038574219, 8.53874206542969], [0.21368408203125, 10.2350463867188], [2.39466857910156, 8.45796203613281], [6.35275268554688, 4.4998779296875], [8.12983703613281, 2.23812866210938], [4.97953796386719, 1.268798828125], [-3.25971984863281, 1.268798828125]];
ctrl_vpos1.inTangents = [[-0.61201477050781, -1.95208740234375], [-0.05117797851563, -0.06324768066406], [-1.92985534667969, -1.92987060546875], [-0.79611206054688, 0.003662109375], [-0.51875305175781, 0.51875305175781], [-1.3477783203125, 1.3477783203125], [0.06437683105469, 0.87530517578125], [1.69261169433594, 0], [2.67698669433594, 0]];
ctrl_vpos1.outTangents = [[0.031494140625, 0.10043334960938], [1.61566162109375, 1.99667358398438], [0.53143310546875, 0.53141784667969], [0.914306640625, -0.00419616699219], [1.46632385253906, -1.46633911132813], [0.55497741699219, -0.55497741699219], [-0.07705688476563, -1.04774475097656], [-2.84138488769531, 0], [-1.78936767578125, 0]];
ctrl_vpos1.closed = true;