var ctrl_transform4 = new Shape();
ctrl_transform4.vertices = [[-3.11428833007813, 2.28341674804688], [-2.89291381835938, 1.10276794433594], [-2.89291381835938, -1.50450134277344], [-3.21267700195313, -2.51296997070313], [-3.87680053710938, -1.97184753417969], [-5.08204650878906, -0.7666015625], [-5.6231689453125, -0.077880859375], [-5.08204650878906, 0.58622741699219], [-3.87680053710938, 1.79147338867188]];
ctrl_transform4.inTangents = [[-0.31428527832031, 0.09587097167969], [0, 0.44923400878906], [0, 0.67047119140625], [0.36021423339844, 0.01055908203125], [0.15899658203125, -0.15898132324219], [0.42843627929688, -0.42843627929688], [-0.00736999511719, -0.26467895507813], [-0.19720458984375, -0.19721984863281], [-0.386962890625, -0.386962890625]];
ctrl_transform4.outTangents = [[0.32293701171875, -0.09852600097656], [0, -0.66458129882813], [0, -0.50933837890625], [-0.25914001464844, -0.00759887695313], [-0.42160034179688, 0.42161560058594], [-0.16635131835938, 0.16636657714844], [0.00735473632813, 0.26423645019531], [0.44187927246094, 0.44187927246094], [0.20115661621094, 0.20114135742188]];
ctrl_transform4.closed = true;