var ctrl_shoulders1 = new Shape();
ctrl_shoulders1.vertices = [[-2.1318359375, -8.62408447265625], [-2.37149047851563, -7.82525634765625], [-3.01054382324219, -7.74537658691406], [-3.40995788574219, -7.42584228515625], [-2.29159545898438, -5.98796081542969], [-2.1318359375, -5.34889221191406], [2.26171875, -5.42877197265625], [2.50137329101563, -6.06784057617188], [3.38008117675781, -6.38737487792969], [3.14042663574219, -7.74537658691406], [2.34159851074219, -7.82525634765625], [2.18183898925781, -8.7039794921875], [0.74394226074219, -8.38444519042969]];
ctrl_shoulders1.inTangents = [[0.48770141601563, -0.2733154296875], [0.17057800292969, -0.19540405273438], [-0.096435546875, 0.04167175292969], [0.06112670898438, -0.14292907714844], [-0.29476928710938, -0.24696350097656], [-0.08856201171875, -0.08828735351563], [-0.44937133789063, 0.5067138671875], [-0.11474609375, 0.09230041503906], [-0.205810546875, 0.32888793945313], [0.3541259765625, 0.17083740234375], [0.14727783203125, 0.18038940429688], [0.31156921386719, 0.1817626953125], [0.21217346191406, -0.02285766601563]];
ctrl_shoulders1.outTangents = [[-0.37760925292969, 0.21160888671875], [-0.09088134765625, 0.10411071777344], [-0.107666015625, 0.04652404785156], [-0.52873229980469, 1.23619079589844], [0.11001586914063, 0.09219360351563], [0.57098388671875, 0.56918334960938], [0.13084411621094, -0.14755249023438], [0.2760009765625, -0.22201538085938], [0.25129699707031, -0.40158081054688], [-0.22572326660156, -0.10890197753906], [-0.105712890625, -0.12950134277344], [-0.40240478515625, -0.23475646972656], [-1.1734619140625, 0.12643432617188]];
ctrl_shoulders1.closed = true;