var ctrl_pos2 = new Shape();
ctrl_pos2.vertices = [[-4.37837219238281, -5.72264099121094], [-2.23060607910156, -5.31993103027344], [2.51239013671875, -5.31993103027344], [4.34695434570313, -5.90162658691406], [3.36256408691406, -7.1097412109375], [1.1700439453125, -9.30226135253906], [-0.08282470703125, -10.2866668701172], [-1.29095458984375, -9.30226135253906], [-3.48347473144531, -7.1097412109375]];
ctrl_pos2.inTangents = [[-0.17442321777344, -0.57173156738281], [-0.81723022460938, 0], [-1.21969604492188, 0], [-0.01921081542969, 0.65528869628906], [0.28921508789063, 0.28921508789063], [0.77938842773438, 0.77938842773438], [0.48147583007813, -0.01341247558594], [0.3587646484375, -0.3587646484375], [0.70394897460938, -0.70394897460938]];
ctrl_pos2.outTangents = [[0.17921447753906, 0.58746337890625], [1.20896911621094, 0], [0.92657470703125, 0], [0.01382446289063, -0.47140502929688], [-0.76698303222656, -0.76698303222656], [-0.30264282226563, -0.30264282226563], [-0.48069763183594, 0.01339721679688], [-0.8038330078125, 0.8038330078125], [-0.36590576171875, 0.36590576171875]];
ctrl_pos2.closed = true;