var ctrl_body7 = new Shape();
ctrl_body7.vertices = [[-0.93354797363281, -3.57904052734375], [-2.71066284179688, -5.9781494140625]];
ctrl_body7.inTangents = [[-0.94950866699219, 0.27735900878906], [1.28245544433594, -0.84286499023438]];
ctrl_body7.outTangents = [[1.16629028320313, -0.34068298339844], [-0.77552795410156, 0.50968933105469]];
ctrl_body7.closed = true;