var ctrl_body2 = new Shape();
ctrl_body2.vertices = [[7.15235900878906, -16.818603515625], [6.17494201660156, -19.8397216796875]];
ctrl_body2.inTangents = [[-1.89474487304688, 0.47518920898438], [2.22599792480469, -0.64631652832031]];
ctrl_body2.outTangents = [[1.55007934570313, -0.38874816894531], [-1.93826293945313, 0.56278991699219]];
ctrl_body2.closed = true;