var ctrl_paw5 = new Shape();
ctrl_paw5.vertices = [[-0.73320007324219, -1.44755554199219], [-5.9403076171875, 2.31759643554688], [-7.54249572753906, 7.364501953125], [-3.69725036621094, 8.56613159179688], [-0.41276550292969, 7.6849365234375], [7.43797302246094, 7.44461059570313], [5.43522644042969, 1.83694458007813]];
ctrl_paw5.inTangents = [[2.77337646484375, -0.47306823730469], [1.31497192382813, -1.730224609375], [-0.69575500488281, -1.651123046875], [-1.37460327148438, 0.23512268066406], [-1.23448181152344, 0.08795166015625], [-1.22972106933594, 2.70539855957031], [1.01113891601563, 1.2100830078125]];
ctrl_paw5.outTangents = [[-2.15884399414063, 0.36825561523438], [-0.86251831054688, 1.1348876953125], [0.56813049316406, 1.34828186035156], [1.28448486328125, -0.21968078613281], [2.16996765136719, -0.15460205078125], [0.89442443847656, -1.96775817871094], [-1.31744384765625, -1.57669067382813]];
ctrl_paw5.closed = true;