var ctrl_pos4 = new Shape();
ctrl_pos4.vertices = [[-5.69650268554688, 4.16021728515625], [-5.29379272460938, 2.012451171875], [-5.29379272460938, -2.73054504394531], [-5.87548828125, -4.56510925292969], [-7.08360290527344, -3.58070373535156], [-9.276123046875, -1.38818359375], [-10.2605285644531, -0.13531494140625], [-9.276123046875, 1.07279968261719], [-7.08360290527344, 3.26531982421875]];
ctrl_pos4.inTangents = [[-0.57173156738281, 0.17442321777344], [0, 0.81723022460938], [0, 1.21969604492188], [0.65528869628906, 0.01922607421875], [0.28921508789063, -0.28923034667969], [0.77938842773438, -0.77938842773438], [-0.01341247558594, -0.48149108886719], [-0.3587646484375, -0.3587646484375], [-0.70394897460938, -0.70393371582031]];
ctrl_pos4.outTangents = [[0.58746337890625, -0.17919921875], [0, -1.20896911621094], [0, -0.92657470703125], [-0.47140502929688, -0.01382446289063], [-0.76698303222656, 0.7669677734375], [-0.30264282226563, 0.30262756347656], [0.01339721679688, 0.48068237304688], [0.8038330078125, 0.8038330078125], [0.36590576171875, 0.36590576171875]];
ctrl_pos4.closed = true;