var ctrl_transform3 = new Shape();
ctrl_transform3.vertices = [[3.19035339355469, -2.42469787597656], [2.96897888183594, -1.24404907226563], [2.96897888183594, 1.36322021484375], [3.28874206542969, 2.37168884277344], [3.95286560058594, 1.83056640625], [5.15809631347656, 0.62532043457031], [5.69923400878906, -0.06340026855469], [5.15809631347656, -0.72750854492188], [3.95286560058594, -1.93275451660156]];
ctrl_transform3.inTangents = [[0.31428527832031, -0.09587097167969], [0, -0.44923400878906], [0, -0.67048645019531], [-0.36021423339844, -0.01055908203125], [-0.15899658203125, 0.15898132324219], [-0.42842102050781, 0.42843627929688], [0.00736999511719, 0.26467895507813], [0.19721984863281, 0.19720458984375], [0.38694763183594, 0.386962890625]];
ctrl_transform3.outTangents = [[-0.32293701171875, 0.0985107421875], [0, 0.66458129882813], [0, 0.50933837890625], [0.25914001464844, 0.00759887695313], [0.42160034179688, -0.42161560058594], [0.16636657714844, -0.16636657714844], [-0.00735473632813, -0.26423645019531], [-0.44186401367188, -0.44187927246094], [-0.20115661621094, -0.20114135742188]];
ctrl_transform3.closed = true;