var ctrl_body10 = new Shape();
ctrl_body10.vertices = [[3.15383911132813, -2.60162353515625], [1.55442810058594, -3.22361755371094]];
ctrl_body10.inTangents = [[-0.15556335449219, 1.098388671875], [0.36750793457031, -0.11595153808594]];
ctrl_body10.outTangents = [[0.10687255859375, -0.75460815429688], [-1.94601440429688, 0.61398315429688]];
ctrl_body10.closed = true;