var fin_3 = new Shape();
fin_3.vertices = [[-5.83427429199219, -3.32148742675781], [-6.08467102050781, -3.32148742675781], [-20.7335357666016, 5.44277954101563], [-21.4847564697266, 6.94523620605469], [-6.3350830078125, -1.56863403320313], [-4.33181762695313, -3.07107543945313]];
fin_3.inTangents = [[0.36428833007813, -0.0347900390625], [0.08135986328125, -0.01249694824219], [3.0072021484375, -4.00021362304688], [-1.08552551269531, 1.40585327148438], [-6.40087890625, 1.832763671875], [0.43722534179688, 1.01002502441406]];
fin_3.outTangents = [[-0.08201599121094, 0.00784301757813], [-5.95135498046875, 0.91484069824219], [-0.26718139648438, 0.35542297363281], [3.70414733886719, -4.79716491699219], [0.54794311523438, -0.15689086914063], [-0.24627685546875, -0.56890869140625]];
fin_3.closed = true;