var fin_1 = new Shape();
fin_1.vertices = [[-16.4765930175781, -11.5849304199219], [-27.2441253662109, -7.70361328125], [-27.8701477050781, -7.07759094238281], [-9.21476745605469, -9.45646667480469], [-5.33345031738281, -10.0824890136719], [-8.83915710449219, -11.2093200683594]];
fin_1.inTangents = [[2.31021118164063, -0.18966674804688], [2.78378295898438, -1.73553466796875], [-1.1966552734375, 0.68571472167969], [-7.06353759765625, -1.35307312011719], [0.4237060546875, 1.67648315429688], [0.66676330566406, 0.11404418945313]];
fin_1.outTangents = [[-3.97662353515625, 0.32646179199219], [-0.61700439453125, 0.38465881347656], [5.31500244140625, -3.04568481445313], [0.9481201171875, 0.18161010742188], [-0.171630859375, -0.67910766601563], [-2.52882385253906, -0.43252563476563]];
fin_1.closed = true;