var torso11 = new Shape();
torso11.vertices = [[9.82696533203125, 1.48686218261719], [7.37022399902344, 2.98820495605469], [9.69049072265625, 4.08009338378906], [15.2864074707031, 0.66793823242188], [13.6485748291016, 0.12200927734375]];
torso11.inTangents = [[1.63743591308594, -0.02568054199219], [-0.31388854980469, -1.59080505371094], [-0.92007446289062, -0.01673889160156], [0.80133056640625, 2.24732971191406], [0.61590576171875, -0.14495849609375]];
torso11.outTangents = [[-1.47138977050781, 0.0230712890625], [0.18972778320312, 0.96153259277344], [2.0335693359375, 0.03697204589844], [-0.28309631347656, -0.79389953613281], [-0.98554992675781, 0.23194885253906]];
torso11.closed = true;