var torso3 = new Shape();
torso3.vertices = [[5.32293701171875, -18.7130279541016], [2.45674133300781, -18.1670837402344], [3.002685546875, -15.8468170166016], [9.008056640625, -20.2143707275391], [7.64320373535156, -20.7602996826172]];
torso3.inTangents = [[0.85548400878906, -0.34451293945312], [0.54551696777344, -0.5615234375], [-0.72221374511719, -0.25160217285156], [0.82615661621094, 2.15719604492188], [0.20780944824219, -0.05059814453125]];
torso3.outTangents = [[-0.42210388183594, 0.16999816894531], [-0.6043701171875, 0.62213134765625], [2.32389831542969, 0.8095703125], [-0.22822570800781, -0.59591674804688], [-0.85134887695312, 0.20726013183594]];
torso3.closed = true;