var torso9 = new Shape();
torso9.vertices = [[14.0580291748047, -6.29283142089844], [8.46211242675781, -3.01716613769531], [3.41213989257812, -2.061767578125], [8.18914794921875, -0.42393493652344], [13.1026306152344, -2.19825744628906], [15.9688262939453, -6.01985168457031], [14.3310089111328, -6.5657958984375]];
torso9.inTangents = [[0.10769653320312, -0.12265014648438], [2.41213989257812, -0.2470703125], [0.14382934570312, -1.77314758300781], [-2.00413513183594, 0.16688537597656], [-1.80419921875, 1.21490478515625], [0.61007690429688, 1.71580505371094], [0.76139831542969, -0.27108764648438]];
torso9.outTangents = [[-1.15687561035156, 1.31755065917969], [-1.9525146484375, 0.19999694824219], [-0.15158081054688, 1.86882019042969], [1.55264282226562, -0.12930297851562], [0.8240966796875, -0.55491638183594], [-0.2176513671875, -0.61215209960938], [-0.17739868164062, 0.06315612792969]];
torso9.closed = true;