var torso10 = new Shape();
torso10.vertices = [[-15.2864074707031, 1.48686218261719], [-9.69049072265625, 4.08009338378906], [-7.37022399902344, 2.85171508789062], [-9.96345520019531, 1.48686218261719], [-14.6039733886719, 0.12200927734375]];
torso10.inTangents = [[-0.13302612304688, -1.08306884765625], [-1.81265258789062, 0.032958984375], [-0.11351013183594, 0.94493103027344], [1.39761352539062, 0.05267333984375], [0.97065734863281, -0.44059753417969]];
torso10.outTangents = [[0.1951904296875, 1.58906555175781], [1.22592163085938, -0.02229309082031], [0.21321105957031, -1.77503967285156], [-1.89158630371094, -0.07130432128906], [-0.47383117675781, 0.21507263183594]];
torso10.closed = true;