var torso6 = new Shape();
torso6.vertices = [[-12.9661407470703, -8.34010314941406], [-7.09725952148438, -5.47390747070312], [-2.45674133300781, -5.88336181640625], [-2.59323120117188, -7.93064880371094], [-5.45942687988281, -7.93064880371094], [-11.6012878417969, -10.3873901367188], [-14.1945190429688, -12.9806213378906]];
torso6.inTangents = [[-0.77780151367188, -0.77780151367188], [-1.54248046875, -0.23818969726562], [-0.66218566894531, 0.76994323730469], [0.35771179199219, 0.25845336914062], [1.31137084960938, 0.00764465332031], [1.21209716796875, 1.30812072753906], [1.23854064941406, -0.37631225585938]];
torso6.outTangents = [[1.61662292480469, 1.61662292480469], [1.32987976074219, 0.20535278320312], [0.62886047363281, -0.731201171875], [-0.47129821777344, -0.34051513671875], [-2.69990539550781, -0.01573181152344], [-0.668701171875, -0.7216796875], [-2.19316101074219, 0.66635131835938]];
torso6.closed = true;