var wing_2 = new Shape();
wing_2.vertices = [[-22.48291015625, -12.7898712158203], [-22.48291015625, -12.5018768310547], [-18.3549652099609, -9.14190673828125], [-12.4030303955078, -7.60592651367188], [-10.5790405273438, -8.46990966796875], [-11.2510375976563, -8.75790405273438], [-22.2909240722656, -12.8858642578125]];
wing_2.inTangents = [[0.03689575195313, -0.05131530761719], [-0.01094055175781, -0.02890014648438], [-1.41624450683594, -0.7601318359375], [-1.87593078613281, 0.26361083984375], [0.0250244140625, 0.21946716308594], [-0.321533203125, -0.14637756347656], [3.16712951660156, 0.59902954101563]];
wing_2.outTangents = [[-0.01708984375, 0.02377319335938], [0.3944091796875, 1.04362487792969], [1.7769775390625, 0.9537353515625], [0.37478637695313, -0.05265808105469], [-0.01896667480469, -0.16632080078125], [-3.16917419433594, -1.44265747070313], [-0.10060119628906, -0.01902770996094]];
wing_2.closed = true;