var wing_5 = new Shape();
wing_5.vertices = [[-7.60307312011719, -6.45393371582031], [-7.89106750488281, -4.43795776367188], [-7.507080078125, 1.22598266601563], [-5.87509155273438, 2.08998107910156], [-6.1630859375, 1.03398132324219], [-5.97109985351563, 0.16999816894531], [-6.45109558105469, -0.406005859375], [-6.1630859375, -5.58995056152344]];
wing_5.inTangents = [[0.2935791015625, -0.12493896484375], [-0.03897094726563, -0.80929565429688], [-0.72677612304688, -1.48983764648438], [-0.45706176757813, 0.59443664550781], [-0.00254821777344, 0.54330444335938], [0.10075378417969, 0.51007080078125], [0.06477355957031, 0.15553283691406], [0.24507141113281, 1.2056884765625]];
wing_5.outTangents = [[-0.7965087890625, 0.33897399902344], [0.09115600585938, 1.89334106445313], [0.33804321289063, 0.69296264648438], [0.17076110839844, -0.22209167480469], [0.0025634765625, -0.54969787597656], [-0.02459716796875, -0.12454223632813], [-0.68388366699219, -1.64224243164063], [-0.17303466796875, -0.8511962890625]];
wing_5.closed = true;