var wing_7 = new Shape();
wing_7.vertices = [[-8.94706726074219, -2.80596923828125], [-9.13905334472656, -2.70997619628906], [-12.6910247802734, -0.11801147460938], [-15.5709838867188, 3.14596557617188], [-11.6350402832031, 2.56996154785156], [-9.13905334472656, -0.50199890136719], [-8.6590576171875, -2.9019775390625]];
wing_7.inTangents = [[-0.04684448242188, -0.00604248046875], [0.04693603515625, -0.02745056152344], [1.302734375, -0.98066711425781], [-0.37017822265625, -1.11822509765625], [-0.55867004394531, 0.4251708984375], [-0.36038208007813, 0.82452392578125], [0.2138671875, 0.45625305175781]];
wing_7.outTangents = [[-0.06959533691406, -0.00897216796875], [-1.14727783203125, 0.67095947265625], [-0.74551391601563, 0.56121826171875], [0.46051025390625, 1.39111328125], [1.05438232421875, -0.80241394042969], [0.17550659179688, -0.40156555175781], [-0.03732299804688, -0.07962036132813]];
wing_7.closed = true;